1 2 program
1 23 p
2 4 type
2 23 t
2 27 =
2 21 integer
2 37 ;
3 23 c
3 27 =
3 22 char
3 37 ;
4 5 var
4 21 integer
4 23 v1
4 38 ,
4 23 v2
4 37 ;
5 22 char
5 23 v2
5 37 ;
6 21 integer
6 23 v4
6 37 ;
8 3 procedure
8 23 q
8 33 (
8 21 integer
8 23 i
8 34 )
8 37 ;
10 13 begin
11 15 read
11 33 (
11 23 v1
11 34 )
11 37 ;
12 23 v1
12 26 :=
12 23 v1
12 29 +
12 24 10
12 37 ;
13 16 write
13 33 (
13 23 v1
13 34 )
13 37 ;
14 15 read
14 33 (
14 23 v1
14 34 )
14 37 ;
15 23 v1
15 26 :=
15 23 v1
15 29 +
15 24 10
15 37 ;
16 16 write
16 33 (
16 23 v1
16 34 )
16 37 ;
17 15 read
17 33 (
17 23 v1
17 34 )
17 37 ;
18 23 v1
18 26 :=
18 23 v1
18 29 +
18 24 10
18 37 ;
19 16 write
19 33 (
19 23 v1
19 34 )
20 14 end
23 3 procedure
23 23 p
23 33 (
23 21 integer
23 23 i
23 34 )
23 37 ;
25 13 begin
26 15 read
26 33 (
26 23 v1
26 34 )
26 37 ;
27 23 v1
27 26 :=
27 23 v1
27 29 +
27 24 10
27 37 ;
28 16 write
28 33 (
28 23 v1
28 34 )
28 37 ;
29 15 read
29 33 (
29 23 v1
29 34 )
29 37 ;
30 23 v1
30 26 :=
30 23 v1
30 29 +
30 24 10
30 37 ;
31 16 write
31 33 (
31 23 v1
31 34 )
31 37 ;
32 15 read
32 33 (
32 23 v1
32 34 )
32 37 ;
33 23 v1
33 26 :=
33 23 v1
33 29 +
33 24 10
33 37 ;
34 16 write
34 33 (
34 23 v1
34 34 )
35 14 end
38 13 begin
39 15 read
39 33 (
39 23 v1
39 34 )
39 37 ;
40 23 v1
40 26 :=
40 23 v1
40 29 +
40 24 10
40 37 ;
41 16 write
41 33 (
41 23 v1
41 34 )
41 37 ;
42 15 read
42 33 (
42 23 v1
42 34 )
42 37 ;
43 23 v1
43 26 :=
43 23 v1
43 29 +
43 24 10
43 37 ;
44 16 write
44 33 (
44 23 v1
44 34 )
44 37 ;
45 15 read
45 33 (
45 23 v1
45 34 )
45 37 ;
46 16 write
46 33 (
46 23 v1
46 34 )
47 14 end
47 35 .
47 0 ÿ
